image: /home/mech-user/2015-soft3/20151007/src/beginner_tutorials/mymap.pgm
resolution: 0.050000
origin: [-13.800000, -13.800000, 0.000000]
negate: 0
occupied_thresh: 0.65
free_thresh: 0.196

